((:name . "push") (:length . 0.8333334) (:bones . (("Lokot_P_end" . ((0 (0 118 119 413)))) ("Golova_end" . ((0 (0 118 119 348)))) ("Lokot_L_end" . ((0 (0 118 119 413)))) ("Tors" . ((0 (0 237 238 239)) (0.04166667 (240 241 242 239)) (0.08333334 (243 244 245 239)) (0.125 (246 247 248 239)) (0.1666667 (249 250 251 239)) (0.2083333 (252 253 254 239)) (0.25 (255 256 257 239)) (0.2916667 (258 259 260 239)) (0.3333333 (261 262 263 239)) (0.375 (264 265 242 239)) (0.4166667 (266 267 238 239)) (0.4583333 (268 269 270 239)) (0.5 (271 272 273 239)) (0.5416667 (274 275 276 239)) (0.5833334 (277 278 279 239)) (0.625 (280 281 282 239)) (0.6666667 (283 284 279 239)) (0.7083334 (285 286 276 239)) (0.7500001 (287 288 273 239)) (0.7916667 (268 269 270 239)))) ("Lokot_P" . ((0 (470 471 472 412)))) ("Lokot_L" . ((0 (409 410 411 412)))) ("Kluchitsa_P_end" . ((0 (0 118 119 350)))) ("Koleno_P_end" . ((0 (0 118 119 120)))) ("Bedro_L" . ((0 (4 5 6 7)) (0.04166667 (8 9 10 7)) (0.08333334 (11 12 13 7)) (0.125 (14 15 16 7)) (0.1666667 (17 18 19 7)) (0.2083333 (20 21 22 7)) (0.25 (23 24 25 7)) (0.2916667 (26 27 28 7)) (0.3333333 (29 30 31 7)) (0.375 (32 33 34 7)) (0.4166667 (35 36 37 7)) (0.4583333 (38 39 40 7)) (0.5 (41 42 43 7)) (0.5416667 (44 45 43 7)) (0.5833334 (46 47 43 7)) (0.625 (46 47 43 7)) (0.6666667 (48 49 40 7)) (0.7083334 (50 51 52 7)) (0.7500001 (53 54 55 7)) (0.7916667 (56 57 58 7)))) ("Woin" . ((0 (473 474 475 475)))) ("Koleno_L_end" . ((0 (0 118 119 120)))) ("Koleno_P" . ((0 (182 183 184 62)) (0.04166667 (185 186 187 62)) (0.08333334 (188 189 190 62)) (0.125 (191 192 193 62)) (0.1666667 (194 195 196 62)) (0.2083333 (197 198 199 62)) (0.25 (200 201 202 62)) (0.2916667 (203 204 205 62)) (0.3333333 (206 207 208 62)) (0.375 (209 210 208 62)) (0.4166667 (211 212 205 62)) (0.4583333 (213 214 215 62)) (0.5 (216 217 218 62)) (0.5416667 (219 220 199 62)) (0.5833334 (221 222 223 62)) (0.625 (224 225 190 62)) (0.6666667 (226 227 228 62)) (0.7083334 (229 230 187 62)) (0.7500001 (231 232 233 62)) (0.7916667 (234 235 236 62)))) ("Cube" . ((0 (476 477 478 479)) (0.04166667 (480 481 482 483)) (0.08333334 (484 485 486 487)) (0.125 (488 489 490 491)) (0.1666667 (492 493 494 495)) (0.2083333 (496 497 498 499)) (0.25 (492 500 501 502)) (0.2916667 (488 503 504 505)) (0.3333333 (484 506 507 508)) (0.375 (480 509 510 511)) (0.4166667 (476 512 513 514)) (0.4583333 (515 516 517 518)) (0.5 (519 520 521 522)) (0.5416667 (523 524 525 526)) (0.5833334 (527 528 529 530)) (0.625 (527 531 532 533)) (0.6666667 (534 528 535 536)) (0.7083334 (537 538 539 540)) (0.7500001 (541 542 543 544)) (0.7916667 (515 545 546 547)))) ("Bedro_P" . ((0 (121 122 123 124)) (0.04166667 (125 126 127 124)) (0.08333334 (128 129 130 124)) (0.125 (131 132 133 124)) (0.1666667 (134 135 136 124)) (0.2083333 (137 138 139 124)) (0.25 (140 141 142 124)) (0.2916667 (143 144 145 124)) (0.3333333 (146 147 148 124)) (0.375 (149 150 151 124)) (0.4166667 (152 153 154 124)) (0.4583333 (155 156 157 124)) (0.5 (158 159 160 124)) (0.5416667 (161 162 163 124)) (0.5833334 (164 165 166 124)) (0.625 (167 168 169 124)) (0.6666667 (170 171 172 124)) (0.7083334 (173 174 175 124)) (0.7500001 (176 177 178 124)) (0.7916667 (179 180 181 124)))) ("Golova" . ((0 (0 289 290 291)) (0.04166667 (292 293 294 291)) (0.08333334 (295 296 297 291)) (0.125 (298 299 300 291)) (0.1666667 (301 302 303 291)) (0.2083333 (304 305 306 291)) (0.25 (307 308 309 291)) (0.2916667 (310 311 312 291)) (0.3333333 (313 314 315 291)) (0.375 (316 317 318 291)) (0.4166667 (0 319 320 291)) (0.4583333 (321 322 323 291)) (0.5 (324 325 326 291)) (0.5416667 (327 328 329 291)) (0.5833334 (330 331 332 291)) (0.625 (333 334 335 291)) (0.6666667 (336 337 338 291)) (0.7083334 (339 340 341 291)) (0.7500001 (342 343 344 291)) (0.7916667 (345 346 347 291)))) ("Kluchitsa_L_end" . ((0 (0 118 119 350)))) ("Ruka_P" . ((0 (414 415 416 417)) (0.04166667 (418 419 420 417)) (0.08333334 (421 422 423 417)) (0.125 (424 425 426 417)) (0.1666667 (427 428 429 417)) (0.2083333 (430 431 432 417)) (0.25 (427 433 434 417)) (0.2916667 (424 435 436 417)) (0.3333333 (437 438 439 417)) (0.375 (440 441 442 417)) (0.4166667 (443 444 445 417)) (0.4583333 (446 447 448 417)) (0.5 (449 450 451 417)) (0.5416667 (452 453 454 417)) (0.5833334 (452 455 456 417)) (0.625 (452 457 458 417)) (0.6666667 (452 459 460 417)) (0.7083334 (461 462 463 417)) (0.7500001 (464 465 466 417)) (0.7916667 (467 468 469 417)))) ("Skelet" . ((0 (0 1 2 3)))) ("Cube.001" . ((0 (548 549 550 551)) (0.04166667 (552 553 554 555)) (0.08333334 (556 557 558 559)) (0.125 (560 561 562 563)) (0.1666667 (564 565 566 567)) (0.2083333 (568 569 570 571)) (0.25 (564 572 573 574)) (0.2916667 (560 575 576 577)) (0.3333333 (578 579 580 581)) (0.375 (552 582 583 584)) (0.4166667 (548 585 586 587)) (0.4583333 (588 589 590 591)) (0.5 (592 593 594 595)) (0.5416667 (596 597 598 599)) (0.5833334 (600 601 602 603)) (0.625 (604 605 606 607)) (0.6666667 (600 601 602 608)) (0.7083334 (609 610 611 612)) (0.7500001 (613 593 594 614)) (0.7916667 (615 589 616 617)))) ("Kluchitsa_L" . ((0 (119 0 118 349)))) ("Ruka_L" . ((0 (353 354 355 356)) (0.04166667 (357 358 359 356)) (0.08333334 (360 361 362 356)) (0.125 (363 364 365 356)) (0.1666667 (363 366 367 356)) (0.2083333 (363 368 369 356)) (0.25 (363 370 371 356)) (0.2916667 (372 373 374 356)) (0.3333333 (357 375 376 356)) (0.375 (377 378 379 356)) (0.4166667 (380 381 382 356)) (0.4583333 (383 384 385 356)) (0.5 (386 387 388 356)) (0.5416667 (389 390 391 356)) (0.5833334 (392 393 394 356)) (0.625 (395 396 397 356)) (0.6666667 (395 398 399 356)) (0.7083334 (400 401 402 356)) (0.7500001 (403 404 405 356)) (0.7916667 (406 407 408 356)))) ("Koleno_L" . ((0 (59 60 61 62)) (0.04166667 (63 64 65 62)) (0.08333334 (66 67 68 62)) (0.125 (69 70 71 62)) (0.1666667 (72 73 74 62)) (0.2083333 (75 76 77 62)) (0.25 (78 79 80 62)) (0.2916667 (81 82 83 62)) (0.3333333 (84 85 86 62)) (0.375 (87 88 89 62)) (0.4166667 (90 91 92 62)) (0.4583333 (93 94 95 62)) (0.5 (96 97 98 62)) (0.5416667 (99 100 101 62)) (0.5833334 (102 103 104 62)) (0.625 (105 106 71 62)) (0.6666667 (107 108 109 62)) (0.7083334 (110 111 112 62)) (0.7500001 (113 114 65 62)) (0.7916667 (115 116 117 62)))) ("Kluchitsa_P" . ((0 (351 352 118 349)))))) (:resources . ((1.0 0.0 0.0) (0.0 0.911 0.413) (0.0 -0.413 0.911) (-0.013 0.0 -0.063) (0.002 -0.648 0.762) (0.027 -0.761 -0.648) (1.0 0.022 0.016) (0.123 -0.038 0.0) (0.002 -0.559 0.829) (0.026 -0.829 -0.559) (1.0 0.022 0.013) (0.001 -0.471 0.882) (0.025 -0.882 -0.471) (1.0 0.023 0.011) (0.001 -0.395 0.919) (0.025 -0.918 -0.395) (1.0 0.023 0.009) (0.001 -0.342 0.94) (0.024 -0.939 -0.342) (1.0 0.023 0.007) (0.001 -0.322 0.947) (0.025 -0.946 -0.322) (1.0 0.024 0.007) (0.001 -0.458 0.889) (0.026 -0.889 -0.458) (1.0 0.024 0.011) (0.002 -0.757 0.654) (0.027 -0.653 -0.757) (1.0 0.019 0.019) (0.003 -0.975 0.22) (0.025 -0.22 -0.975) (1.0 0.009 0.024) (0.003 -0.981 -0.195) (0.024 0.195 -0.98) (1.0 -0.002 0.024) (0.003 -0.915 -0.403) (0.023 0.403 -0.915) (1.0 -0.007 0.023) (0.003 -0.882 -0.471) (0.023 0.47 -0.882) (1.0 -0.009 0.022) (0.003 -0.86 -0.51) (0.023 0.51 -0.86) (1.0 -0.01 0.021) (0.003 -0.848 -0.53) (0.023 0.53 -0.848) (0.003 -0.843 -0.537) (0.023 0.537 -0.843) (0.003 -0.881 -0.474) (0.023 0.474 -0.88) (0.003 -0.962 -0.275) (0.024 0.274 -0.961) (1.0 -0.004 0.023) (0.003 -0.999 0.047) (0.024 -0.047 -0.999) (1.0 0.004 0.024) (0.003 -0.899 0.437) (0.026 -0.437 -0.899) (1.0 0.014 0.022) (-0.99 0.142 -0.001) (0.142 0.99 -0.011) (-0.001 -0.011 -1.0) (0.0 0.532 0.0) (-0.965 0.263 -0.004) (0.263 0.965 -0.011) (0.001 -0.012 -1.0) (-0.924 0.383 -0.007) (0.383 0.924 -0.01) (0.003 -0.012 -1.0) (-0.862 0.507 -0.011) (0.507 0.862 -0.009) (0.005 -0.013 -1.0) (-0.772 0.635 -0.014) (0.636 0.772 -0.006) (0.007 -0.014 -1.0) (-0.641 0.767 -0.019) (0.767 0.641 -0.003) (0.009 -0.016 -1.0) (-0.465 0.885 -0.022) (0.885 0.466 0.001) (0.011 -0.019 -1.0) (-0.254 0.967 -0.021) (0.967 0.254 0.007) (0.012 -0.019 -1.0) (-0.051 0.999 -0.019) (0.999 0.051 0.012) (0.013 -0.019 -1.0) (0.1 0.995 -0.018) (0.995 -0.099 0.016) (0.014 -0.02 -1.0) (0.154 0.988 -0.017) (0.988 -0.153 0.017) (0.015 -0.02 -1.0) (0.059 0.998 -0.016) (0.998 -0.059 0.015) (0.014 -0.017 -1.0) (-0.157 0.987 -0.015) (0.987 0.158 0.009) (0.011 -0.013 -1.0) (-0.439 0.898 -0.014) (0.898 0.439 0.002) (0.008 -0.012 -1.0) (-0.686 0.727 -0.013) (0.727 0.686 -0.004) (0.006 -0.012 -1.0) (-0.842 0.54 -0.011) (0.54 0.842 -0.008) (-0.925 0.381 -0.008) (0.381 0.925 -0.01) (0.004 -0.012 -1.0) (-0.962 0.272 -0.005) (0.272 0.962 -0.011) (0.002 -0.012 -1.0) (-0.979 0.206 -0.003) (0.206 0.979 -0.011) (-0.986 0.166 -0.002) (0.166 0.986 -0.011) (0.0 -0.011 -1.0) (0.0 1.0 0.0) (0.0 0.0 1.0) (0.0 0.578 0.0) (0.002 -0.964 -0.265) (-0.027 0.265 -0.964) (1.0 0.009 -0.025) (-0.123 -0.038 0.0) (0.002 -0.933 -0.361) (-0.027 0.361 -0.932) (1.0 0.012 -0.025) (0.002 -0.894 -0.447) (-0.028 0.447 -0.894) (1.0 0.014 -0.024) (0.002 -0.858 -0.514) (-0.028 0.514 -0.857) (1.0 0.016 -0.023) (0.002 -0.83 -0.558) (-0.028 0.558 -0.829) (1.0 0.017 -0.023) (0.002 -0.819 -0.574) (-0.029 0.574 -0.818) (1.0 0.018 -0.023) (0.002 -0.875 -0.483) (-0.029 0.483 -0.875) (1.0 0.016 -0.024) (0.002 -0.973 -0.23) (-0.029 0.23 -0.973) (1.0 0.009 -0.027) (0.002 -0.992 0.126) (-0.028 -0.126 -0.992) (1.0 -0.002 -0.028) (0.002 -0.889 0.458) (-0.028 -0.458 -0.888) (1.0 -0.011 -0.026) (0.002 -0.739 0.673) (-0.028 -0.673 -0.739) (1.0 -0.018 -0.022) (0.001 -0.607 0.795) (-0.028 -0.794 -0.607) (1.0 -0.021 -0.018) (0.001 -0.518 0.855) (-0.028 -0.855 -0.518) (1.0 -0.023 -0.015) (0.001 -0.47 0.882) (-0.028 -0.882 -0.47) (1.0 -0.024 -0.014) (0.001 -0.45 0.893) (-0.027 -0.893 -0.45) (1.0 -0.024 -0.013) (0.001 -0.447 0.895) (-0.027 -0.894 -0.447) (1.0 -0.023 -0.013) (0.001 -0.51 0.86) (-0.026 -0.86 -0.51) (1.0 -0.022 -0.014) (0.001 -0.676 0.737) (-0.026 -0.737 -0.676) (1.0 -0.018 -0.019) (0.002 -0.869 0.494) (-0.026 -0.494 -0.869) (1.0 -0.011 -0.023) (0.002 -0.992 0.129) (-0.026 -0.129 -0.991) (1.0 -0.001 -0.026) (0.015 1.0 0.028) (1.0 -0.014 -0.018) (-0.017 0.028 -0.999) (-0.231 0.973 0.025) (0.973 0.231 -0.011) (-0.017 0.022 -1.0) (-0.453 0.891 0.023) (0.891 0.454 -0.005) (-0.015 0.018 -1.0) (-0.639 0.769 0.021) (0.769 0.639 0.0) (-0.014 0.016 -1.0) (-0.781 0.624 0.019) (0.624 0.781 0.004) (-0.012 0.015 -1.0) (-0.878 0.478 0.016) (0.478 0.878 0.007) (-0.01 0.014 -1.0) (-0.939 0.344 0.012) (0.344 0.939 0.009) (-0.008 0.013 -1.0) (-0.974 0.228 0.008) (0.228 0.974 0.01) (-0.006 0.012 -1.0) (-0.99 0.138 0.006) (0.138 0.99 0.011) (-0.004 0.011 -1.0) (-0.997 0.081 0.005) (0.081 0.997 0.011) (-0.998 0.064 0.007) (0.064 0.998 0.011) (-0.992 0.123 0.011) (0.123 0.992 0.011) (-0.009 0.012 -1.0) (-0.959 0.285 0.013) (0.285 0.959 0.009) (-0.01 0.013 -1.0) (-0.87 0.493 0.016) (0.494 0.87 0.007) (-0.721 0.693 0.02) (0.693 0.721 0.002) (-0.013 0.016 -1.0) (-0.549 0.835 0.024) (0.836 0.549 -0.002) (-0.388 0.921 0.025) (0.921 0.389 -0.007) (-0.016 0.02 -1.0) (-0.26 0.965 0.026) (0.966 0.26 -0.01) (-0.156 0.987 0.026) (0.988 0.156 -0.013) (-0.017 0.024 -1.0) (-0.067 0.997 0.027) (0.998 0.068 -0.016) (-0.017 0.026 -1.0) (0.0 0.993 -0.121) (0.0 0.121 0.993) (0.0 0.13 0.0) (0.999 0.043 -0.02) (-0.045 0.992 -0.121) (0.014 0.121 0.993) (0.996 0.082 -0.037) (-0.086 0.989 -0.119) (0.027 0.122 0.992) (0.992 0.115 -0.052) (-0.12 0.986 -0.118) (0.038 0.123 0.992) (0.989 0.137 -0.062) (-0.143 0.983 -0.117) (0.045 0.124 0.991) (0.987 0.146 -0.066) (-0.153 0.981 -0.116) (0.048 0.125 0.991) (0.988 0.14 -0.063) (-0.147 0.982 -0.116) (0.046 0.124 0.991) (0.992 0.118 -0.053) (-0.124 0.985 -0.118) (0.039 0.123 0.992) (0.996 0.085 -0.038) (-0.089 0.989 -0.119) (0.028 0.122 0.992) (0.999 0.044 -0.02) (-0.046 0.992 -0.121) (1.0 -0.001 0.0) (0.001 0.993 -0.121) (0.999 -0.045 0.02) (0.047 0.992 -0.121) (-0.015 0.121 0.992) (0.996 -0.086 0.039) (0.09 0.989 -0.119) (-0.028 0.122 0.992) (0.992 -0.118 0.053) (0.124 0.985 -0.118) (-0.039 0.123 0.992) (0.988 -0.139 0.063) (0.145 0.983 -0.116) (-0.046 0.124 0.991) (0.987 -0.146 0.066) (0.153 0.981 -0.116) (-0.048 0.125 0.991) (0.988 -0.141 0.064) (0.147 0.982 -0.116) (0.991 -0.12 0.054) (0.126 0.985 -0.118) (0.995 -0.086 0.039) (0.091 0.989 -0.119) (0.0 0.644 0.765) (0.0 -0.765 0.644) (0.0 0.596 0.0) (0.997 -0.076 0.024) (0.031 0.643 0.765) (-0.074 -0.762 0.643) (0.988 -0.146 0.046) (0.059 0.64 0.766) (-0.141 -0.754 0.641) (0.977 -0.203 0.064) (0.082 0.636 0.767) (-0.196 -0.744 0.638) (0.967 -0.242 0.076) (0.098 0.633 0.768) (-0.234 -0.736 0.636) (0.963 -0.257 0.081) (0.104 0.631 0.769) (-0.248 -0.732 0.634) (0.967 -0.243 0.076) (0.098 0.632 0.769) (-0.235 -0.736 0.635) (0.978 -0.2 0.063) (0.081 0.636 0.768) (-0.193 -0.746 0.638) (0.99 -0.137 0.043) (0.055 0.64 0.766) (-0.133 -0.756 0.641) (0.998 -0.067 0.021) (0.027 0.643 0.766) (-0.065 -0.763 0.643) (0.0 0.643 0.766) (0.0 -0.766 0.643) (0.998 0.055 -0.017) (-0.022 0.642 0.766) (0.054 -0.764 0.643) (0.995 0.098 -0.031) (-0.04 0.641 0.766) (0.095 -0.761 0.642) (0.991 0.129 -0.04) (-0.052 0.641 0.766) (0.124 -0.757 0.641) (0.988 0.146 -0.046) (-0.059 0.64 0.766) (0.142 -0.754 0.641) (0.987 0.151 -0.047) (-0.061 0.64 0.766) (0.146 -0.753 0.642) (0.989 0.143 -0.045) (-0.058 0.641 0.765) (0.138 -0.754 0.642) (0.992 0.121 -0.038) (-0.049 0.642 0.765) (0.117 -0.757 0.643) (0.996 0.087 -0.027) (-0.035 0.643 0.765) (0.084 -0.761 0.643) (0.999 0.045 -0.014) (-0.018 0.644 0.765) (0.044 -0.764 0.644) (0.0 0.315 0.0) (0.0 0.47 0.0) (0.0 0.3 0.0) (0.0 0.0 -1.0) (-1.0 0.0 0.0) (-0.049 0.319 0.946) (0.444 -0.841 0.307) (0.894 0.436 -0.1) (0.279 0.394 -0.035) (-0.05 0.318 0.947) (0.47 -0.829 0.303) (0.881 0.46 -0.108) (-0.05 0.317 0.947) (0.493 -0.817 0.3) (0.869 0.482 -0.115) (-0.051 0.317 0.947) (0.51 -0.807 0.297) (0.858 0.499 -0.121) (0.523 -0.8 0.295) (0.851 0.51 -0.125) (0.529 -0.796 0.295) (0.847 0.516 -0.127) (0.528 -0.796 0.295) (0.848 0.515 -0.127) (-0.051 0.318 0.947) (0.518 -0.802 0.297) (0.854 0.506 -0.124) (0.499 -0.813 0.3) (0.865 0.488 -0.118) (-0.05 0.32 0.946) (0.471 -0.828 0.304) (0.881 0.461 -0.109) (-0.049 0.321 0.946) (0.437 -0.845 0.309) (0.898 0.428 -0.099) (-0.048 0.322 0.945) (0.399 -0.861 0.314) (0.916 0.393 -0.087) (-0.047 0.323 0.945) (0.361 -0.877 0.318) (0.931 0.356 -0.075) (-0.046 0.323 0.945) (0.326 -0.889 0.32) (0.944 0.323 -0.065) (-0.045 0.323 0.945) (0.303 -0.897 0.321) (0.952 0.301 -0.057) (-0.045 0.322 0.946) (0.297 -0.9 0.321) (0.954 0.295 -0.055) (0.305 -0.897 0.32) (0.951 0.303 -0.058) (-0.046 0.321 0.946) (0.327 -0.89 0.318) (0.944 0.324 -0.064) (-0.047 0.321 0.946) (0.359 -0.878 0.315) (0.932 0.355 -0.074) (-0.048 0.32 0.946) (0.4 -0.862 0.312) (0.915 0.393 -0.087) (-0.052 0.223 -0.973) (-0.27 0.935 0.229) (0.962 0.274 0.012) (0.0 0.316 0.0) (0.0 0.469 0.0) (-0.049 0.352 0.935) (-0.444 -0.846 0.295) (0.894 -0.401 0.198) (-0.279 0.394 -0.035) (-0.052 0.35 0.935) (-0.403 -0.864 0.301) (0.914 -0.362 0.186) (-0.054 0.348 0.936) (-0.365 -0.879 0.306) (0.93 -0.325 0.174) (-0.056 0.347 0.936) (-0.333 -0.891 0.31) (0.941 -0.294 0.165) (-0.057 0.346 0.937) (-0.31 -0.898 0.312) (0.949 -0.273 0.158) (-0.057 0.345 0.937) (-0.301 -0.901 0.314) (0.952 -0.264 0.156) (-0.309 -0.898 0.313) (0.949 -0.271 0.158) (-0.332 -0.891 0.31) (0.942 -0.293 0.165) (-0.054 0.349 0.936) (-0.364 -0.879 0.306) (0.93 -0.324 0.175) (-0.052 0.351 0.935) (-0.402 -0.864 0.302) (0.914 -0.36 0.186) (-0.05 0.352 0.935) (-0.44 -0.848 0.296) (0.897 -0.397 0.197) (-0.048 0.354 0.934) (-0.474 -0.831 0.291) (0.879 -0.429 0.207) (-0.046 0.355 0.934) (-0.501 -0.817 0.286) (0.864 -0.455 0.215) (-0.044 0.355 0.934) (-0.518 -0.807 0.283) (0.854 -0.471 0.22) (-0.526 -0.803 0.281) (0.849 -0.479 0.222) (-0.527 -0.802 0.28) (0.849 -0.48 0.222) (-0.521 -0.806 0.281) (0.852 -0.474 0.22) (-0.045 0.354 0.934) (-0.509 -0.813 0.283) (0.86 -0.463 0.217) (-0.046 0.353 0.934) (-0.492 -0.822 0.287) (0.87 -0.446 0.212) (-0.048 0.353 0.935) (-0.47 -0.833 0.29) (0.881 -0.425 0.205) (0.014 0.25 0.968) (-0.288 0.928 -0.235) (-0.958 -0.275 0.085) (100.0 0.0 0.0) (0.0 0.0 -100.0) (0.0 100.0 0.0) (0.049 0.031 -0.191) (-0.151 0.13 -0.018) (0.122 0.149 0.055) (-0.703 -0.109 1.16) (0.046 0.035 -0.191) (-0.162 0.116 -0.018) (0.107 0.159 0.055) (-0.662 -0.158 1.16) (0.043 0.039 -0.191) (-0.171 0.101 -0.018) (0.094 0.168 0.055) (-0.622 -0.199 1.161) (0.04 0.042 -0.191) (-0.178 0.089 -0.018) (0.082 0.174 0.055) (-0.586 -0.229 1.161) (0.038 0.044 -0.191) (-0.182 0.08 -0.018) (0.073 0.178 0.055) (-0.561 -0.248 1.161) (0.037 0.045 -0.191) (-0.184 0.077 -0.018) (0.07 0.179 0.055) (-0.55 -0.256 1.161) (-0.183 0.079 -0.018) (0.072 0.178 0.055) (-0.558 -0.251 1.161) (-0.179 0.088 -0.018) (0.081 0.174 0.055) (-0.584 -0.232 1.161) (-0.172 0.101 -0.018) (0.093 0.168 0.055) (-0.621 -0.2 1.161) (-0.163 0.115 -0.018) (0.107 0.16 0.055) (-0.661 -0.159 1.161) (-0.151 0.129 -0.018) (0.121 0.149 0.055) (-0.7 -0.11 1.161) (0.051 0.027 -0.191) (-0.14 0.142 -0.018) (0.134 0.138 0.055) (-0.733 -0.059 1.161) (0.053 0.023 -0.191) (-0.128 0.152 -0.018) (0.144 0.128 0.055) (-0.757 -0.011 1.16) (0.055 0.02 -0.191) (-0.12 0.159 -0.017) (0.151 0.119 0.055) (-0.771 0.025 1.16) (0.055 0.018 -0.191) (-0.115 0.163 -0.017) (0.154 0.114 0.055) (-0.778 0.048 1.16) (-0.113 0.164 -0.017) (0.155 0.113 0.056) (-0.779 0.055 1.16) (0.055 0.019 -0.191) (0.154 0.115 0.056) (-0.775 0.047 1.16) (0.054 0.021 -0.191) (-0.121 0.158 -0.017) (0.15 0.121 0.056) (-0.766 0.022 1.16) (0.053 0.024 -0.191) (-0.13 0.151 -0.017) (0.142 0.129 0.056) (-0.751 -0.016 1.16) (-0.14 0.142 -0.017) (0.133 0.139 0.055) (-0.73 -0.061 1.16) (0.017 -0.044 0.194) (0.154 0.127 0.015) (-0.127 0.148 0.045) (0.689 -0.108 1.188) (0.02 -0.042 0.194) (0.144 0.138 0.015) (-0.138 0.138 0.045) (0.716 -0.061 1.188) (0.023 -0.041 0.194) (0.134 0.148 0.015) (-0.147 0.128 0.045) (0.737 -0.017 1.189) (0.026 -0.039 0.194) (0.125 0.155 0.015) (-0.154 0.12 0.044) (0.753 0.021 1.189) (0.027 -0.038 0.194) (0.119 0.16 0.015) (-0.158 0.114 0.044) (0.762 0.048 1.189) (0.028 -0.038 0.194) (0.116 0.162 0.015) (-0.16 0.111 0.044) (0.766 0.06 1.189) (0.118 0.161 0.015) (-0.159 0.112 0.044) (0.765 0.054 1.189) (0.123 0.157 0.015) (-0.155 0.118 0.044) (0.758 0.029 1.189) (0.024 -0.04 0.194) (0.132 0.149 0.015) (-0.148 0.127 0.044) (0.742 -0.011 1.189) (0.143 0.139 0.015) (-0.138 0.138 0.044) (0.717 -0.06 1.189) (0.155 0.126 0.015) (-0.125 0.149 0.044) (0.684 -0.112 1.189) (0.013 -0.045 0.194) (0.166 0.111 0.015) (-0.111 0.16 0.045) (0.645 -0.161 1.189) (0.009 -0.046 0.194) (0.175 0.096 0.015) (-0.097 0.169 0.045) (0.604 -0.204 1.188) (0.005 -0.047 0.194) (0.181 0.084 0.015) (-0.085 0.175 0.045) (0.567 -0.235 1.187) (0.003 -0.048 0.194) (0.185 0.075 0.016) (-0.076 0.179 0.045) (0.541 -0.253 1.186) (0.002 -0.048 0.194) (0.186 0.072 0.016) (-0.074 0.18 0.045) (0.533 -0.26 1.185) (0.542 -0.254 1.185) (0.005 -0.048 0.194) (0.181 0.083 0.016) (-0.084 0.176 0.045) (0.566 -0.236 1.185) (0.009 -0.047 0.194) (0.603 -0.204 1.186) (0.013 -0.046 0.194) (-0.112 0.16 0.045) (0.645 -0.161 1.187))))